0.000000
0.137790
0.272952
0.402906
0.525175
0.637424
0.737513
0.823533
0.893841
0.947098
0.982287
0.998737
0.996134
0.974527
0.934329
0.876307
0.801567
0.711536
0.607930
0.492727
0.368125
0.236499
0.100362
-0.037690
-0.175023
-0.309017
-0.437116
-0.556876
-0.666012
-0.762443
-0.844328
-0.910106
-0.958522
-0.988652
-0.999921
-0.992115
-0.965382
-0.920233
-0.857528
-0.778464
-0.684549
-0.577575
-0.459583
-0.332823
-0.199713
-0.062794
0.075323
0.212003
0.344639
0.470700
0.587781
0.693650
0.786285
0.863921
0.925075
0.968582
0.993611
0.999684
0.986687
0.954866
0.904830
0.837531
0.754255
0.656590
0.546399
0.425784
0.297046
0.162642
0.025134
-0.112852
-0.248686
-0.379776
-0.503620
-0.617857
-0.720307
-0.809016
-0.882290
-0.938733
-0.977268
-0.997159
-0.998027
-0.979855
-0.942991
-0.888137
-0.816339
-0.728969
-0.627691
-0.514439
-0.391373
-0.260841
-0.125332
0.012568
0.150227
0.285021
0.414378
0.535829
0.647058
0.745943
0.830598
0.899407
0.951058
0.984565
0.999290
0.994951
0.971631
0.929775
0.870181
0.793987
0.702646
0.597900
0.481748
0.356406
0.224264
0.087844
-0.050251
-0.187389
-0.320951
-0.448389
-0.567274
-0.675337
-0.770516
-0.850997
-0.915243
-0.962028
-0.990462
-1.000000
-0.990461
-0.962028
-0.915241
-0.850995
-0.770515
-0.675335
-0.567272
-0.448387
-0.320948
-0.187387
-0.050251
0.087844
0.224263
0.356404
0.481746
0.597897
0.702642
0.793983
0.870178
0.929772
0.971629
0.994950
0.999290
0.984567
0.951062
0.899413
0.830606
0.745953
0.647071
0.535844
0.414394
0.285040
0.150247
0.012589
-0.125310
-0.260818
-0.391351
-0.514418
-0.627671
-0.728950
-0.816323
-0.888123
-0.942981
-0.979849
-0.998025
-0.997161
-0.977275
-0.938745
-0.882307
-0.809037
-0.720333
-0.617887
-0.503654
-0.379813
-0.248726
-0.112894
0.025091
0.162598
0.297003
0.425742
0.546359
0.656554
0.754223
0.837504
0.904808
0.954851
0.986678
0.999683
0.993617
0.968595
0.925096
0.863948
0.786319
0.693690
0.587827
0.470750
0.344693
0.212060
0.075381
-0.062735
-0.199655
-0.332766
-0.459529
-0.577525
-0.684504
-0.778425
-0.857496
-0.920208
-0.965366
-0.992107
-0.999922
-0.988661
-0.958540
-0.910133
-0.844363
-0.762486
-0.666062
-0.556932
-0.437178
-0.309083
-0.175092
-0.037761
0.100291
0.236429
0.368057
0.492663
0.607873
0.711484
0.801523
0.876271
0.934302
0.974510
0.996127
0.998741
0.982302
0.947124
0.893877
0.823578
0.737568
0.637487
0.525245
0.402982
0.273032
0.137874
0.000085
-0.137705
-0.272869
-0.402827
-0.525100
-0.637356
-0.737453
-0.823482
-0.893801
-0.947069
-0.982270
-0.998732
-0.996142
-0.974548
-0.934363
-0.876353
-0.801625
-0.711604
-0.608008
-0.492813
-0.368217
-0.236596
-0.100462
0.037589
0.174923
0.308919
0.437023
0.556789
0.665934
0.762374
0.844271
0.910062
0.958491
0.988635
0.999920
0.992128
0.965410
0.920275
0.857584
0.778533
0.684630
0.577666
0.459682
0.332928
0.199824
0.062907
-0.075210
-0.211891
-0.344531
-0.470598
-0.587688
-0.693566
-0.786213
-0.863862
-0.925030
-0.968552
-0.993597
-0.999687
-0.986706
-0.954902
-0.904881
-0.837598
-0.754336
-0.656684
-0.546503
-0.425898
-0.297167
-0.162768
-0.025263
0.112723
0.248560
0.379654
0.503506
0.617752
0.720214
0.808936
0.882226
0.938686
0.977238
0.997148
0.998036
0.979883
0.943038
0.888202
0.816423
0.729068
0.627805
0.514565
0.391509
0.260984
0.125481
-0.012417
-0.150077
-0.284875
-0.414238
-0.535698
-0.646939
-0.745839
-0.830510
-0.899337
-0.951008
-0.984537
-0.999284
-0.994967
-0.971669
-0.929835
-0.870263
-0.794088
-0.702765
-0.598035
-0.481896
-0.356565
-0.224431
-0.088016
0.050079
0.187218
0.320785
0.448233
0.567130
0.675208
0.770405
0.850905
0.915172
0.961981
0.990438
1.000000
0.990485
0.962075
0.915312
0.851087
0.770626
0.675464
0.567416
0.448543
0.321114
0.187559
0.050425
-0.087670
-0.224093
-0.356241
-0.481592
-0.597757
-0.702518
-0.793877
-0.870092
-0.929707
-0.971587
-0.994932
-0.999297
-0.984598
-0.951116
-0.899489
-0.830703
-0.746070
-0.647204
-0.535991
-0.414553
-0.285207
-0.150420
-0.012763
0.125137
0.260650
0.391190
0.514268
0.627535
0.728831
0.816222
0.888043
0.942923
0.979814
0.998014
0.997174
0.977312
0.938805
0.882389
0.809140
0.720454
0.618025
0.503805
0.379975
0.248896
0.113068
-0.024916
-0.162426
-0.296836
-0.425584
-0.546213
-0.656422
-0.754108
-0.837409
-0.904734
-0.954799
-0.986650
-0.999679
-0.993636
-0.968639
-0.925162
-0.864036
-0.786427
-0.693816
-0.587968
-0.470904
-0.344857
-0.212230
-0.075555
0.062561
0.199484
0.332601
0.459374
0.577383
0.684377
0.778315
0.857406
0.920140
0.965320
0.992085
0.999924
0.988688
0.958590
0.910205
0.844457
0.762599
0.666192
0.557077
0.437335
0.309249
0.175264
0.037936
-0.100117
-0.236259
-0.367894
-0.492511
-0.607733
-0.711360
-0.801417
-0.876186
-0.934239
-0.974470
-0.996111
-0.998750
-0.982335
-0.947180
-0.893956
-0.823678
-0.737687
-0.637623
-0.525395
-0.403144
-0.273202
-0.138049
-0.000262
0.137530
0.272699
0.402665
0.524949
0.637220
0.737333
0.823381
0.893721
0.947012
0.982237
0.998723
0.996157
0.974588
0.934426
0.876438
0.801730
0.711728
0.608148
0.492967
0.368381
0.236768
0.100638
-0.037412
-0.174749
-0.308751
-0.436864
-0.556642
-0.665802
-0.762260
-0.844176
-0.909988
-0.958441
-0.988609
-0.999917
-0.992151
-0.965456
-0.920344
-0.857675
-0.778644
-0.684758
-0.577810
-0.459839
-0.333095
-0.199997
-0.063084
0.075033
0.211719
0.344365
0.470442
0.587545
0.693439
0.786104
0.863773
0.924963
0.968508
0.993577
0.999692
0.986735
0.954955
0.904957
0.837695
0.754452
0.656817
0.546651
0.426058
0.297336
0.162942
0.025440
-0.112548
-0.248388
-0.379490
-0.503353
-0.617613
-0.720091
-0.808832
-0.882143
-0.938625
-0.977201
-0.997135
-0.998047
-0.979919
-0.943097
-0.888284
-0.816525
-0.729189
-0.627942
-0.514717
-0.391672
-0.261155
-0.125656
0.012240
0.149903
0.284705
0.414077
0.535549
0.646805
0.745721
0.830411
0.899260
0.950954
0.984506
0.999277
0.994985
0.971711
0.929900
0.870350
0.794195
0.702891
0.598177
0.482051
0.356730
0.224603
0.088191
-0.049902
-0.187044
-0.320618
-0.448075
-0.566985
-0.675078
-0.770292
-0.850812
-0.915101
-0.961932
-0.990413
-1.000000
-0.990510
-0.962124
-0.915383
-0.851180
-0.770739
-0.675594
-0.567561
-0.448701
-0.321281
-0.187732
-0.050602
0.087494
0.223921
0.356075
0.481438
0.597615
0.702392
0.793770
0.870005
0.929642
0.971545
0.994914
0.999303
0.984628
0.951170
0.899566
0.830801
0.746187
0.647338
0.536140
0.414714
0.285376
0.150595
0.012940
-0.124961
-0.260479
-0.391027
-0.514116
-0.627397
-0.728710
-0.816120
-0.887962
-0.942864
-0.979779
-0.998003
-0.997188
-0.977349
-0.938866
-0.882472
-0.809244
-0.720577
-0.618164
-0.503958
-0.380138
-0.249067
-0.113244
0.024740
0.162251
0.296667
0.425424
0.546065
0.656289
0.753992
0.837312
0.904658
0.954747
0.986621
0.999674
0.993656
0.968682
0.925229
0.864125
0.786537
0.693943
0.588111
0.471060
0.345023
0.212403
0.075732
-0.062385
-0.199311
-0.332435
-0.459217
-0.577238
-0.684248
-0.778204
-0.857315
-0.920070
-0.965274
-0.992063
-0.999926
-0.988714
-0.958640
-0.910278
-0.844551
-0.762713
-0.666324
-0.557224
-0.437494
-0.309417
-0.175438
-0.038112
0.099941
0.236087
0.367730
0.492357
0.607592
0.711236
0.801312
0.876100
0.934176
0.974431
0.996096
0.998758
0.982368
0.947237
0.894035
0.823778
0.737806
0.637759
0.525545
0.403306
0.273372
0.138224
0.000438
-0.137355
-0.272529
-0.402503
-0.524799
-0.637083
-0.737214
-0.823281
-0.893642
-0.946955
-0.982204
-0.998714
-0.996173
-0.974627
-0.934489
-0.876523
-0.801836
-0.711852
-0.608288
-0.493120
-0.368545
-0.236939
-0.100813
0.037236
0.174575
0.308583
0.436705
0.556496
0.665670
0.762145
0.844082
0.909915
0.958390
0.988582
0.999915
0.992173
0.965503
0.920414
0.857766
0.778755
0.684887
0.577954
0.459996
0.333262
0.200170
0.063260
-0.074857
-0.211546
-0.344199
-0.470287
-0.587402
-0.693311
-0.785995
-0.863684
-0.924896
-0.968464
-0.993557
-0.999696
-0.986764
-0.955007
-0.905032
-0.837791
-0.754568
-0.656950
-0.546799
-0.426217
-0.297505
-0.163116
-0.025616
0.112372
0.248217
0.379327
0.503200
0.617474
0.719969
0.808728
0.882059
0.938564
0.977163
0.997122
0.998058
0.979954
0.943156
0.888365
0.816627
0.729310
0.628080
0.514868
0.391834
0.261325
0.125831
-0.012063
-0.149728
-0.284536
-0.413916
-0.535400
-0.646670
-0.745603
-0.830313
-0.899183
-0.950899
-0.984475
-0.999270
-0.995002
-0.971753
-0.929965
-0.870437
-0.794303
-0.703016
-0.598318
-0.482206
-0.356895
-0.224775
-0.088367
0.049726
0.186871
0.320451
0.447917
0.566839
0.674947
0.770180
0.850719
0.915030
0.961884
0.990389
1.000000
0.990534
0.962172
0.915454
0.851272
0.770851
0.675724
0.567707
0.448859
0.321448
0.187906
0.050778
-0.087318
-0.223748
-0.355910
-0.481283
-0.597474
-0.702267
-0.793662
-0.869917
-0.929577
-0.971503
-0.994896
-0.999310
-0.984659
-0.951225
-0.899643
-0.830900
-0.746305
-0.647473
-0.536289
-0.414875
-0.285546
-0.150769
-0.013117
0.124786
0.260308
0.390865
0.513965
0.627260
0.728589
0.816018
0.887881
0.942805
0.979743
0.997992
0.997201
0.977387
0.938927
0.882555
0.809347
0.720699
0.618303
0.504111
0.380302
0.249238
0.113419
-0.024563
-0.162077
-0.296499
-0.425264
-0.545917
-0.656155
-0.753876
-0.837215
-0.904583
-0.954694
-0.986592
-0.999670
-0.993676
-0.968726
-0.925296
-0.864214
-0.786646
-0.694070
-0.588254
-0.471216
-0.345188
-0.212576
-0.075908
0.062208
0.199138
0.332268
0.459060
0.577094
0.684119
0.778093
0.857224
0.920001
0.965228
0.992041
0.999928
0.988740
0.958690
0.910352
0.844646
0.762827
0.666456
0.557371
0.437652
0.309585
0.175612
0.038289
-0.099765
-0.235916
-0.367566
-0.492204
-0.607452
-0.711112
-0.801206
-0.876015
-0.934113
-0.974391
-0.996080
-0.998767
-0.982401
-0.947294
-0.894114
-0.823879
-0.737926
-0.637895
-0.525696
-0.403467
-0.273542
-0.138399
-0.000615
0.137180
0.272359
0.402341
0.524649
0.636947
0.737095
0.823181
0.893563
0.946899
0.982170
0.998705
0.996188
0.974667
0.934552
0.876608
0.801941
0.711976
0.608429
0.493274
0.368710
0.237111
0.100989
-0.037059
